79,65,51,72,41,95,37,24,97,61,13,44,21,38,71,56,17,31,47,62,22,88,19
62,97,72,71,54,95,41,51,44,13,79,31,24,37,65,56,88,61,45,39,52
13,79,21,69,97,54,22,17,56,51,44,65,72,19,71,61,88,62,24,41,95
54,95,13,79,31,24,56,88,61,47,39,84,52,96,55
56,69,39,52,26,55,89,25,91,15,82
37,21,24,51,19,72,54,44,56,95,41,71,22,38,17,62,67,88,65,31,97
79,51,97,84,61,41,21,95,71,72,62
65,56,88,47,69,45,39,84,52,96,26,87,55,58,89,12,33,63,49,15,77
72,41,54,19,95,13,65,24,44,38,62,22,71,97,93,31,57,37,53,67,21
21,32,79,51,67,53,44,19,15
57,13,19,93,82,67,79,53,22,62,41,71,54,21,32,17,72,44,51,15,38
97,72,71,95,41,51,44,13,31,24,37,65,88,61,47,69,84,52,96
17,21,72,95,41,51,44,79,65,56,88,47,45
79,24,37,65,56,88,47,69,45,39,52,87,55,58,89,25,12,91,33
62,97,95,41,51,44,13,56,52
56,69,89,25,33,49,15,77,82
62,71,54,95,45,39,52
95,49,77,17,44,54,38,57,97,67,62,22,13,82,32,41,19
41,51,44,13,79,31,24,37,65,56,88,61,47,69,45,84,52,96,26,87,55,58,89
39,84,52,96,26,87,55,89,12,91,33,63,49,15,77,82,32,93,67,53,38
12,15,77,32,93,53,22,19,62
31,24,37,61,84,89,63
47,39,84,96,26,55,58,91,33,15,77,32,93
61,47,69,39,58,25,91,33,49,15,77,32,57
12,91,25,96,45,13,58
33,77,57,38,19,62,72
51,67,71,19,53,54,32,93,17
37,65,56,88,47,69,39,84,52,96,26,87,58,89,25,12,91,33,63,49,15
15,77,57,93,17,21,62,97,54,95,13
87,88,65,26,13,58,39,37,47,55,25,89,51
63,19,72,89,49,25,15,67,62
41,51,79,37,45,52,89
31,65,56,88,61,47,69,45,39,52,26,87,55,58,89,25,12,91,63
91,32,55,77,25
96,91,52,37,84,31,12,55,39,87,89,69,24,25,65,88,47,45,33,58,26,79,56
63,25,15,56,61,45,96,52,87,88,39,49,58,26,89,91,84,69,47,77,65
26,87,55,89,33,49,15,82,32,57,93,53,38,22,17,19,21
12,32,82,53,57,96,15,52,91,63,33
62,45,61,44,54,88,52,97,69
67,22,19,21,62,97,54,95,51,44,79,24,37,56,88
41,51,44,13,79,31,65,56,88,61,69,45,39,84,52,96,26,87,55,58,89
56,63,52,33,47,82,58
38,93,15,84,57,22,89,91,26,53,67,96,82,77,25,32,63,58,33
53,82,67,32,58,87,22,38,93,26,25,57,91,96,33,63,49,89,12,19,17,55,15
96,26,55,58,89,25,91,33,63,15,77,57,93,67,53,38,17
33,49,15,77,93,53,38,22,97,71,54,41,51
26,87,58,89,12,91,33,77,32,57,93,67,53,38,21
61,47,69,39,87,55,58,89,33,63,15,82,57
44,38,15,51,53,72,62,22,95,93,41,17,71,82,97,19,13,32,21,79,57,54,67
41,95,54,52,39,56,26,72,71,37,65,24,51,13,88
24,65,88,45,39,84,52,26,55,58,89,25,12,91,33,63,49
24,52,55,87,56,89,65,33,84,12,58,39,45,88,31,91,37,25,79,47,96,61,26
88,39,24,63,25,61,33,37,56,96,31
21,62,97,72,54,41,51,44,31,24,37,65,56,61,47,69,45,39,84
88,61,69,45,39,84,52,96,26,87,55,58,89,25,12,91,33,63,49,77,32
67,96,15,93,87,52,39,26,69,77,58,32,91,82,63,84,12,55,57
38,93,51,71,31,97,57,21,72,13,41,44,65
84,96,87,89,12,33,63,49,15,77,32,57,53
61,47,39,55,25,12,33,82,57
89,25,12,49,32,67,38,19,62
82,93,97,71,54,79,24
89,91,55,25,12,32,97,63,93
62,97,72,54,95,41,51,44,13,79,31,24,65,88,61,45,39,84,52
97,93,71,21,67,95,54,33,91,22,72,32,82,63,53,12,57,77,49
13,24,47,69,84,96,87,58,25,12,91
65,25,89,37,24,58,55,49,69,63,61,87,56,33,39
13,49,54,32,22,62,19,44,97,57,38,71,15,51,82,93,21,53,67
87,55,89,25,12,91,33,63,49,15,77,82,32,57,93,67,53,38,19,21,62
91,63,49,38,17,97,41
93,67,53,38,22,17,19,21,62,97,72,71,54,41,44,13,31,24,37,65,56
84,52,26,87,58,89,25,12,91,33,63,15,82,32,93,67,53,38,22
22,17,21,62,97,71,95,41,51,44,79,24,65,56,61,47,69
51,89,45,69,26,56,24,88,61,47,39,31,44,65,96,25,55,37,58
88,31,56,69,26,13,39,37,96,55,45,61,58,24,65
21,24,41,72,93,53,17,65,13,54,62,95,38,57,37,31,97,19,71,22,67,51,79
15,77,22,91,67,17,49,82,72,12,32
32,93,67,53,22,17,19,21,62,71,54,41,51,13,24
31,24,56,88,61,45,39,96,26,87,55,89,25,12,91,33,63
72,95,41,51,44,13,31,24,37,65,56,88,47,69,39
88,58,52,24,26,13,89,25,39,84,45
21,62,51,13,37,65,84
33,77,82,32,67,38,17,97,71,95,51
12,33,91,53,21,82,32,15,57,93,17,38,77,67,89,87,62,25,58
79,26,55,24,39,88,89,51,31,47,52,58,37,25,56,61,84,44,13
56,31,45,39,91,52,79,12,96,69,13,37,25,88,87,89,24,65,58,84,61
53,38,17,97,71,54,41,13,24
89,93,53,33,87,25,77,57,63,19,91,15,22,38,21,12,58,32,67,82,17
71,97,79,17,13,54,44,41,22,21,93,57,32,38,31
97,72,71,54,95,51,44,79,65,56,88,69,45,52,96
77,87,49,25,67,89,15,33,55,93,17,91,38,12,82,53,63,26,52,96,22
49,77,82,32,53,62,41,51,13
39,57,55,89,82,25,93,49,96,45,58,33,53,67,12,77,91
17,31,21,95,69,41,61,79,13,72,47,88,97,44,62,65,51,45,24
25,12,91,33,63,77,82,32,57,93,67,53,38,22,19,21,62,97,72,71,54
62,71,54,41,51,24,37,65,88
41,44,13,79,65,56,61,69,45,52,96,26,87,58,89
62,72,51,44,88,61,84
37,65,56,61,47,69,45,52,96,26,87,55,33,49,15
47,69,45,96,26,55,58,25,12,63,49,15,77,82,93
37,26,52,65,55,15,63
19,57,17,77,67,58,22,72,12,62,53
56,41,72,96,47,97,88,24,52,84,45,37,51
32,53,21,62,95,41,44,79,37
38,22,62,72,79,41,37,53,56,24,44,19,51,31,97,54,71
96,39,58,25,61,55,13,47,65,84,52,12,89,87,56,91,45,69,37
45,67,32,93,63,53,96
79,95,69,96,54,87,71,26,52,65,41,44,31,24,51,84,61,37,56
32,93,17,19,97,71,54,95,44,79,24
45,63,25,69,58,93,87,33,12,49,84,55,47,89,26
61,56,58,37,44,95,26,31,96,87,39,65,52,51,88,84,13,45,24,41,47,79,69
31,61,58,33,47,24,79,52,87,89,91
63,84,52,32,77,93,91,87,96,53,55,57,82,12,26,22,67,89,25
71,54,95,51,24,88,47,69,84,52,26
69,45,39,84,52,96,26,87,55,58,89,12,63,49,15,77,82,32,57,93,67
25,12,82,57,93,53,54
62,97,54,95,44,13,24,65,56,69,45,84,52
26,87,89,25,12,49,53,38,22,19,21
79,56,88,47,69,96,89,12,33
57,93,53,38,19,62,71,54,41,44,79,31,65
15,77,32,22,19,62,97,72,71,54,95,41,51,13,79
49,77,32,93,67,53,17,62,97,72,71,51,13
26,25,89,49,58,24,37
25,12,33,63,49,15,82,32,93,67,38,22,21,62,97,71,54
13,31,24,37,65,56,88,61,47,45,39,84,26,87,58,89,25,12,91
51,44,24,65,56,88,47,96,87
71,54,51,44,13,79,31,65,88,61,47,69,39,52,26
55,89,25,12,91,33,63,49,77,82,32,57,93,53,38,22,17,19,21,62,97
19,62,71,95,51,13,79,31,37,56,61,45,39
33,63,15,77,67,17,97,71,51
93,17,62,54,51,44,31,24,56
51,93,19,53,13,21,95,44,67,41,17,24,31,22,38,62,79,72,56,65,37
49,12,63,97,72,91,21,15,57,93,19,32,71,82,77,22,62,53,67,38,25,17,54
93,62,41,54,53,67,72,17,71,91,97
63,15,97,54,95,41,44
26,61,84,54,45,41,51,52,87,37,13,47,88,39,56,65,55
89,25,12,91,33,63,49,77,82,32,57,93,67,53,38,22,17,19,21,62,97,72,71
25,49,72,53,71,57,91,15,17,82,22,67,54,38,62,63,77
88,47,96,26,58,91,33,77,82
71,53,67,54,72,95,21,17,41
97,72,71,54,95,41,51,44,13,79,24,37,65,56,88,61,47,69,45,39,84,52,96
71,54,51,13,79,37,56,47,69,26,87
89,96,24,56,47,33,49,65,87
69,45,39,84,52,26,87,55,91,33,57,93,67
24,38,57,13,22,19,53,37,44,72,31,65,97,21,67,79,51,62,41,17,71,93,54
13,12,25,84,79,96,55,65,89,44,24,31,61,88,39
91,87,57,49,19,15,62,53,89
26,87,58,89,25,12,91,33,77,82,57,93,67,53,38,22,17,19,21
84,51,26,69,44,72,61,31,95,88,47,41,39
15,67,33,38,52,53,32,12,17
12,53,82,19,95,49,54,72,33,21,63,32,67
32,93,53,22,21,72,54,95,51,44,79,31,37
49,77,57,38,97,72,54,51,13
31,37,56,88,61,47,69,84,52,96,87,55,58,91,63
13,71,24,88,44,79,19,72,95,65,56,41,67,21,31,62,54
63,49,15,77,82,32,57,93,67,53,38,22,17,19,21,62,97,72,71,95,41,51,44
65,13,26,69,56,96,87,37,31,84,24,71,95
61,96,89,91,33
26,89,93,57,52,12,91,63,53,33,15,49,82,67,39,84,55,87,96,25,45,58,77
52,91,82,25,88,77,45,55,32
71,19,62,95,77,57,79,13,97,72,41
53,38,22,17,19,62,97,72,71,54,95,41,51,44,13,79,31,24,37,65,56,88,61
53,19,21,62,97,72,71,54,95,41,51,44,13,79,31,37,65,88,61
44,71,67,54,51,77,82,72,31,38,32
93,82,63,67,25,72,49,62,12,33,53,58,57,21,38,22,19
19,21,62,71,41,24,37,65,56,88,61,47,69,45,39
95,17,54,57,21,72,63,82,32,51,44,38,77,62,67,71,41
15,63,88,12,39,37,91
52,96,87,55,49,15,32,93,53,38,17
63,55,91,89,45,31,56,65,26,96,37
32,57,93,67,38,22,17,19,21,62,97,72,71,54,41,44,13,24,37
69,12,32,87,88,77,47,58,96,89,49,84,39
12,91,63,49,32,17,62,97,71,54,95
31,19,44,47,71,51,62,17,97,88,37,79,61,24,22,13,21,65,56
45,12,25,26,84,13,24,65,37,58,79,87,44,55,39